365 253.071 -25.5447 0.303381 0.245176 0.814618
366 285.129 -14.4745 0.304419 0.296999 0.817313
367 315.044 -22.9992 0.305458 0.353217 0.820175
368 340.768 -22.4832 0.306496 0.411696 0.823079
369 364.372 -22.3446 0.307534 0.470614 0.825928
370 388.793 -21.4178 0.308572 0.52879 0.828668
371 410.461 -15.5261 0.30961 0.585533 0.831269
372 427.916 -8.55135 0.310648 0.640601 0.833729
373 442.199 -5.42464 0.311687 0.694001 0.836064
374 454.776 -0.147622 0.312725 0.745722 0.838282
375 468.751 -8.28955 0.313762 0.795763 0.840393
376 476.407 -11.8933 0.3148 0.841078 0.841955
377 484.439 -7.95815 0.315838 0.890683 0.84433
378 490.255 -20.3965 0.316876 0.935481 0.84617
379 494.216 -12.6079 0.317914 0.978384 0.847928
380 500.197 -20.2352 0.318952 1.01932 0.849607
381 506.007 -20.5854 0.319989 1.05823 0.851212
382 508.48 -13.7345 0.321027 1.09506 0.852744
383 508.033 -10.5551 0.322064 1.12974 0.854205
384 503.245 -5.36377 0.323102 1.16219 0.855596
385 500.283 -12.3901 0.32414 1.19238 0.856917
386 503.976 -17.4459 0.325177 1.22027 0.858171
387 504.299 -11.6795 0.326214 1.24582 0.859357
388 495.992 -6.42965 0.327252 1.26901 0.860478
389 491.41 -4.91769 0.328289 1.28982 0.861535
390 487.734 -5.93921 0.329327 1.30824 0.862524
391 485.332 -15.2542 0.330364 1.32825 0.863685
392 482.151 -11.2493 0.331401 1.34209 0.864559
393 474.463 -8.72752 0.332438 1.34915 0.865105
394 470.048 -1.48442 0.333475 1.35804 0.865837
395 464.122 1.22004 0.334512 1.36457 0.866505
396 462.998 -5.30563 0.33555 1.36879 0.86711
397 455.345 -15.3251 0.336587 1.37072 0.867652
398 446.54 -14.4278 0.337624 1.3704 0.86813
399 442.041 -16.4935 0.33866 1.36787 0.868546
400 431.732 -11.804 0.339697 1.36318 0.868898
401 419.517 -10.5861 0.340734 1.35639 0.869187
402 403.042 -12.0953 0.341771 1.34754 0.869413
403 390.246 -12.9103 0.342808 1.3367 0.869576
404 379.343 -11.6128 0.343845 1.32393 0.869675
405 368.096 -11.7383 0.344881 1.30929 0.869711
406 357.013 -13.608 0.345918 1.29285 0.869684
407 344.34 -6.1026 0.346954 1.27468 0.869592
408 331.751 5.62095 0.347991 1.25486 0.869437
409 324.451 4.30837 0.349028 1.23346 0.869218
410 312.71 -2.73233 0.350064 1.21053 0.868933
411 300.195 -11.4275 0.3511 1.1862 0.868583
412 289.251 4.0214 0.352137 1.16051 0.868169
413 275.563 5.4878 0.353173 1.13356 0.867688
414 264.599 -5.07152 0.35421 1.10541 0.867141
415 254.458 -15.7745 0.355246 1.07615 0.866527
416 243.003 -17.7733 0.356282 1.04586 0.865845
417 229.83 -5.59117 0.357318 1.01462 0.865093
418 219.767 -4.15884 0.358354 0.985488 0.864521
419 207.621 3.96136 0.359391 0.952354 0.863614
420 197.606 1.29115 0.360427 0.915978 0.862414
421 191.673 -2.37477 0.361463 0.881711 0.861374
422 181.828 3.02233 0.362499 0.846878 0.860258
423 170.528 2.61939 0.363535 0.811541 0.859063
424 159.945 -5.0203 0.364571 0.775784 0.857785
425 148.919 6.90967 0.365606 0.739675 0.856427
426 141.265 2.73234 0.366642 0.703253 0.854979
427 133.159 -6.00888 0.367678 0.666583 0.853439
428 123.362 0.759112 0.368714 0.62971 0.8518
429 116.512 -8.29734 0.369749 0.592657 0.850054
430 107.818 -4.22046 0.370785 0.555478 0.848196
431 98.3298 -2.31304 0.371821 0.518158 0.846212
432 91.351 -4.99653 0.372856 0.480719 0.844091
433 84.0954 -5.98824 0.373892 0.44319 0.841821
434 75.9526 -10.1457 0.374927 0.405645 0.839396
435 68.1841 -11.1057 0.375963 0.368246 0.836813
436 61.0395 -14.5545 0.376998 0.331291 0.83409
437 53.6943 -10.3841 0.378034 0.295247 0.831261
438 47.0848 -5.60228 0.379069 0.260703 0.828383
439 41.2671 -5.20029 0.380104 0.22834 0.825533
440 36.619 -8.27801 0.381139 0.198829 0.822803
441 32.4887 -10.151 0.382175 0.172654 0.820274
442 28.5766 -15.4401 0.38321 0.150081 0.818008
443 25.3565 -12.96 0.384245 0.131131 0.816046
444 22.8856 -10.2677 0.38528 0.115621 0.814398
445 21.158 -7.99762 0.386315 0.103254 0.81306
446 19.7128 -11.295 0.38735 0.0936774 0.812012
447 18.761 -22.2843 0.388385 0.0865514 0.811234
448 18.211 -12.9911 0.38942 0.0815809 0.810702
449 17.5279 -1.66382 0.390455 0.0785367 0.810399
450 16.5629 -5.63012 0.39149 0.0772625 0.810315
451 14.8002 -8.91798 0.392525 0.0776758 0.810443
452 12.8715 -9.99195 0.393559 0.0797649 0.810788
453 11.0336 -7.42202 0.394594 0.0835841 0.811357
454 9.54339 -13.1759 0.395629 0.0892465 0.812167
455 8.51714 -24.8429 0.396663 0.0969129 0.813237
456 7.42778 -22.1164 0.397698 0.106773 0.814588
457 6.64282 -27.4356 0.398732 0.119021 0.816238
458 6.04394 -35.3798 0.399767 0.133809 0.818198
459 5.50575 -34.4289 0.400801 0.151217 0.820469
460 5.58019 -31.4762 0.401836 0.171188 0.823027
550 194.062 -35.3387 0.494759 0.118306 0.828476
551 192.198 -45.6537 0.49579 0.124651 0.830003
552 190.217 -41.223 0.49682 0.132195 0.831789
553 188.459 -48.172 0.497851 0.140936 0.833832
554 188.969 -45.4584 0.498881 0.150828 0.836112
555 188.504 -36.3043 0.499911 0.161817 0.838613
556 189.551 -30.1186 0.500941 0.173796 0.841303
557 192.036 -31.4063 0.501972 0.186624 0.844144
558 195.23 -44.967 0.503002 0.200128 0.847091
559 196.661 -48.4196 0.504032 0.214117 0.850099
560 197.483 -32.7602 0.505062 0.228387 0.853121
561 198.843 -23.7885 0.506092 0.24274 0.856118
562 200.257 -23.4474 0.507122 0.256998 0.859049
563 200.73 -24.1607 0.508152 0.271536 0.862055
564 200.217 -21.1093 0.509182 0.28464 0.86462
565 199.531 -13.4192 0.510212 0.297811 0.867229
566 198.961 -17.3239 0.511241 0.310455 0.86971
567 198.298 -20.788 0.512271 0.32253 0.872064
568 195.178 -25.7327 0.513301 0.334016 0.874291
569 190.199 -23.9437 0.51433 0.344903 0.876397
570 186.677 -19.5847 0.51536 0.355191 0.878388
571 184.193 -23.075 0.51639 0.364884 0.880268
572 182.371 -20.5778 0.517419 0.373987 0.882044
573 178.212 -19.8696 0.518449 0.382517 0.883722
574 173.541 -18.1691 0.519478 0.390475 0.885306
575 167.953 -11.1598 0.520507 0.397873 0.8868
576 163.541 -20.5854 0.521537 0.404719 0.888208
577 158.129 -19.3769 0.522566 0.411018 0.889534
578 152.997 -17.7706 0.523595 0.416784 0.890781
579 148.076 -14.8993 0.524624 0.422018 0.89195
580 142.465 -9.79377 0.525653 0.426728 0.893044
581 136.91 -12.3362 0.526683 0.430922 0.894065
582 133.045 -19.506 0.527712 0.434607 0.895014
583 128.363 -15.7137 0.528741 0.437788 0.895894
584 124.757 -23.7294 0.529769 0.440475 0.896705
585 120.739 -21.6566 0.530798 0.442673 0.897449
586 115.196 -22.2165 0.531827 0.44439 0.898126
587 109.835 -15.1269 0.532856 0.445634 0.898738
588 105.625 -9.30924 0.533885 0.446413 0.899284
589 100.987 -10.0595 0.534913 0.446734 0.899767
590 95.667 -14.2475 0.535942 0.446606 0.900185
591 91.7325 -7.43814 0.536971 0.446038 0.900541
592 87.3766 -2.7465 0.537999 0.445037 0.900833
593 83.684 -10.3406 0.539028 0.443613 0.901063
594 79.4674 -8.25063 0.540056 0.441774 0.901231
595 76.7486 -14.8719 0.541085 0.43953 0.901336
596 72.0012 -15.3484 0.542113 0.43689 0.901379
597 68.3535 -10.415 0.543141 0.433862 0.90136
598 66.0028 -12.5366 0.54417 0.430457 0.901278
599 61.6529 -7.47073 0.545198 0.426683 0.901134
600 57.2395 -0.771033 0.546226 0.422549 0.900926
601 55.4571 -15.4373 0.547254 0.418065 0.900655
602 52.8798 -17.0614 0.548282 0.41324 0.90032
603 49.2851 -11.5827 0.54931 0.408082 0.899921
604 45.7754 -12.3855 0.550338 0.402602 0.899455
605 43.1941 -14.0814 0.551366 0.396806 0.898923
606 41.6811 -17.5943 0.552394 0.390704 0.898324
607 39.5625 -13.724 0.553422 0.384303 0.897655
608 37.0357 -17.3895 0.554449 0.377611 0.896915
609 34.6295 -19.1045 0.555477 0.370635 0.896103
610 32.8502 -21.6988 0.556505 0.363381 0.895216
611 29.8132 -20.3204 0.557532 0.355856 0.894251
612 28.0521 -16.4819 0.55856 0.348066 0.893207
613 26.8058 -21.9646 0.559588 0.340016 0.89208
614 24.189 -8.23271 0.560615 0.331714 0.890867
615 22.3784 -11.3333 0.561642 0.323165 0.889564
616 20.2684 -19.3543 0.56267 0.314376 0.888169
617 19.3424 -18.8827 0.563697 0.30536 0.886678
618 18.1752 -20.0785 0.564724 0.296131 0.88509
619 15.515 -13.6737 0.565752 0.286708 0.883404
620 14.0926 -21.3071 0.566779 0.277119 0.881622
621 13.0114 -15.9747 0.567806 0.2674 0.879746
622 11.8512 -14.0102 0.568833 0.257596 0.877784
623 11.1115 -10.9977 0.56986 0.247763 0.875747
624 10.0128 -3.2479 0.570887 0.237967 0.873649
625 8.67666 -4.66024 0.571914 0.228284 0.871509
626 7.5735 -12.8472 0.572941 0.218797 0.86935
627 6.61116 -13.9481 0.573968 0.209593 0.867199
628 5.9542 -17.0811 0.574994 0.200758 0.865083
629 5.51538 -15.9735 0.576021 0.192379 0.863034
630 5.22098 -8.93065 0.577048 0.184804 0.861209
