365 0.0369844 0 0.303381 0 0
366 0.0395206 0 0.304419 0 0
367 0.0424996 0 0.305458 0 0
368 0.0451618 0 0.306496 0 0
369 0.0478829 0 0.307534 0 0
370 0.0510099 0 0.308572 0 0
371 0.0538653 0 0.30961 0 0
372 0.0561496 0 0.310648 0 0
373 0.0582364 0 0.311687 0 0
374 0.0600257 0 0.312725 0 0
375 0.062752 0 0.313762 0 0
376 0.0645969 0 0.3148 0 0
377 0.0656829 0 0.315838 0 0
378 0.0677768 0 0.316876 0 0
379 0.0682092 0 0.317914 0 0
380 0.0701165 0 0.318952 0 0
381 0.0713171 0 0.319989 0 0
382 0.0712461 0 0.321027 0 0
383 0.0712656 0 0.322064 0 0
384 0.0704395 0 0.323102 0 0
385 0.0710609 0 0.32414 0 0
386 0.0725159 0 0.325177 0 0
387 0.0723022 0 0.326214 0 0
388 0.0707426 0 0.327252 0 0
389 0.0701338 0 0.328289 0 0
390 0.0700407 0 0.329327 0 0
391 0.0708415 0 0.330364 0 0
392 0.0702992 0 0.331401 0 0
393 0.0693473 0 0.332438 0 0
394 0.0681306 0 0.333475 0 0
395 0.0671145 0 0.334512 0 0
396 0.0679089 0 0.33555 0 0
397 0.0682383 0 0.336587 0 0
398 0.0669471 0 0.337624 0 0
399 0.0668254 0 0.33866 0 0
400 0.0648752 0 0.339697 0 0
401 0.0631783 0 0.340734 0 0
402 0.061174 0 0.341771 0 0
403 0.0594886 0 0.342808 0 0
404 0.0579337 0 0.343845 0 0
405 0.0565078 0 0.344881 0 0
406 0.0552418 0 0.345918 0 0
407 0.0526272 0 0.346954 0 0
408 0.0495153 0 0.347991 0 0
409 0.0487321 0 0.349028 0 0
410 0.0478844 0 0.350064 0 0
411 0.0471811 0 0.3511 0 0
412 0.0441057 0 0.352137 0 0
413 0.0420052 0 0.353173 0 0
414 0.0415673 0 0.35421 0 0
415 0.0411785 0 0.355246 0 0
416 0.0396755 0 0.356282 0 0
417 0.0366 0 0.357318 0 0
418 0.034986 0 0.358354 0 0
419 0.0325575 0 0.359391 0 0
420 0.0314266 0 0.360427 0 0
421 0.030909 0 0.361463 0 0
422 0.0290862 0 0.362499 0 0
423 0.0274734 0 0.363535 0 0
424 0.0264801 0 0.364571 0 0
425 0.0240403 0 0.365606 0 0
426 0.0232989 0 0.366642 0 0
427 0.0226819 0 0.367678 0 0
428 0.0207883 0 0.368714 0 0
429 0.0203429 0 0.369749 0 0
430 0.0187793 0 0.370785 0 0
431 0.0172595 0 0.371821 0 0
432 0.0163758 0 0.372856 0 0
433 0.0153424 0 0.373892 0 0
434 0.0142992 0 0.374927 0 0
435 0.0131805 0 0.375963 0 0
436 0.0122075 0 0.376998 0 0
437 0.0109308 0 0.378034 0 0
438 0.00977088 0 0.379069 0 0
439 0.00887948 0 0.380104 0 0
440 0.00824377 0 0.381139 0 0
441 0.00759388 0 0.382175 0 0
442 0.00698228 0 0.38321 0 0
443 0.00631756 0 0.384245 0 0
444 0.00575953 0 0.38528 0 0
445 0.0053238 0 0.386315 0 0
446 0.00496952 0 0.38735 0 0
447 0.00478169 0 0.388385 0 0
448 0.00446088 0 0.38942 0 0
449 0.00408626 0 0.390455 0 0
450 0.0037651 0 0.39149 0 0
451 0.00327658 0 0.392525 0 0
452 0.00276339 0 0.393559 0 0
453 0.00227189 0 0.394594 0 0
454 0.00193049 0 0.395629 0 0
455 0.00174309 0 0.396663 0 0
456 0.00146775 0 0.397698 0 0
457 0.00132806 0 0.398732 0 0
458 0.00126894 0 0.399767 0 0
459 0.00116983 0 0.400801 0 0
460 0.00116028 0 0.401836 0 0
550 0.0376561 0 0.494759 0 0
551 0.0368146 0 0.49579 0 0
552 0.0356879 0 0.49682 0 0
553 0.0348073 0 0.497851 0 0
554 0.0341852 0 0.498881 0 0
555 0.0333168 0 0.499911 0 0
556 0.0328437 0 0.500941 0 0
557 0.0327839 0 0.501972 0 0
558 0.0331477 0 0.503002 0 0
559 0.0331745 0 0.504032 0 0
560 0.0327055 0 0.505062 0 0
561 0.0325105 0 0.506092 0 0
562 0.0325907 0 0.507122 0 0
563 0.0325443 0 0.508152 0 0
564 0.0323579 0 0.509182 0 0
565 0.0320114 0 0.510212 0 0
566 0.0320917 0 0.511241 0 0
567 0.032146 0 0.512271 0 0
568 0.0318953 0 0.513301 0 0
569 0.0311405 0 0.51433 0 0
570 0.0304835 0 0.51536 0 0
571 0.0303212 0 0.51639 0 0
572 0.0300266 0 0.517419 0 0
573 0.0294258 0 0.518449 0 0
574 0.0286919 0 0.519478 0 0
575 0.0275574 0 0.520507 0 0
576 0.0273328 0 0.521537 0 0
577 0.0264976 0 0.522566 0 0
578 0.025688 0 0.523595 0 0
579 0.0248252 0 0.524624 0 0
580 0.0237178 0 0.525653 0 0
581 0.0229795 0 0.526683 0 0
582 0.0227891 0 0.527712 0 0
583 0.0219022 0 0.528741 0 0
584 0.0217497 0 0.529769 0 0
585 0.0210556 0 0.530798 0 0
586 0.020224 0 0.531827 0 0
587 0.0190358 0 0.532856 0 0
588 0.0180939 0 0.533885 0 0
589 0.0174407 0 0.534913 0 0
590 0.0168129 0 0.535942 0 0
591 0.0158271 0 0.536971 0 0
592 0.0149216 0 0.537999 0 0
593 0.0147489 0 0.539028 0 0
594 0.0139627 0 0.540056 0 0
595 0.0138864 0 0.541085 0 0
596 0.0131429 0 0.542113 0 0
597 0.01229 0 0.543141 0 0
598 0.0120514 0 0.54417 0 0
599 0.0110914 0 0.545198 0 0
600 0.0100302 0 0.546226 0 0
601 0.0104738 0 0.547254 0 0
602 0.0101332 0 0.548282 0 0
603 0.00929207 0 0.54931 0 0
604 0.00874424 0 0.550338 0 0
605 0.00839211 0 0.551366 0 0
606 0.00831088 0 0.552394 0 0
607 0.00778748 0 0.553422 0 0
608 0.00752726 0 0.554449 0 0
609 0.00720237 0 0.555477 0 0
610 0.00702631 0 0.556505 0 0
611 0.00641504 0 0.557532 0 0
612 0.00594563 0 0.55856 0 0
613 0.00595922 0 0.559588 0 0
614 0.00493005 0 0.560615 0 0
615 0.00475289 0 0.561642 0 0
616 0.00468267 0 0.56267 0 0
617 0.00449989 0 0.563697 0 0
618 0.00433239 0 0.564724 0 0
619 0.00360485 0 0.565752 0 0
620 0.00361583 0 0.566779 0 0
621 0.00323379 0 0.567806 0 0
622 0.00294005 0 0.568833 0 0
623 0.00270603 0 0.56986 0 0
624 0.00226065 0 0.570887 0 0
625 0.00204542 0 0.571914 0 0
626 0.00205224 0 0.572941 0 0
627 0.00187949 0 0.573968 0 0
628 0.00183398 0 0.574994 0 0
629 0.00170095 0 0.576021 0 0
630 0.00144088 0 0.577048 0 0
